9 4
0 1 1 0 0 0 0 0 0
1 0 1 0 0 0 0 0 0
1 1 0 1 0 0 0 0 0
0 0 1 0 1 0 1 0 0
0 0 0 1 0 1 0 0 1
0 0 0 0 0 1 1 0 0
0 0 0 1 0 0 0 1 1
0 0 0 0 0 0 1 0 0
0 0 0 0 1 0 1 0 0 
3
4
5
9 
6
7
8
1
2



############INPUT 2
20 8
0 0 0 0 1 0 0 0 0 0 0 0 0 0 0 0 0 0 0 0
0 0 0 0 1 1 1 1 0 0 0 1 0 0 0 1 0 0 1 0
0 0 0 0 1 1 0 0 1 0 0 0 1 1 0 0 0 0 1 1
0 0 0 0 1 1 1 1 1 1 1 1 0 1 1 0 1 0 0 1
1 1 1 1 0 1 1 1 1 1 1 0 0 0 0 1 0 1 0 1
0 1 1 1 1 0 1 1 0 0 1 0 1 1 0 1 1 1 0 0
0 1 0 1 1 1 0 0 1 1 1 0 0 0 0 0 0 0 1 0
0 1 0 1 1 1 0 0 0 1 0 1 0 0 0 0 0 1 0 1
0 0 1 1 1 0 1 0 0 0 0 0 0 0 0 0 0 0 0 0
0 0 0 1 1 0 1 1 0 0 0 0 0 0 1 0 1 0 0 0
0 0 0 1 1 1 1 0 0 0 0 1 1 0 0 0 0 0 0 0
0 1 0 1 0 0 0 1 0 0 1 0 1 0 1 1 0 1 1 0
0 0 1 0 0 1 0 0 0 0 1 1 0 1 1 0 0 0 0 0
0 0 1 1 0 1 0 0 0 0 0 0 1 0 0 0 0 0 0 0
0 0 0 1 0 0 0 0 0 1 0 1 1 0 0 0 1 0 0 0
0 1 0 0 1 1 0 0 0 0 0 1 0 0 0 0 0 0 0 0
0 0 0 1 0 1 0 0 0 1 0 0 0 0 1 0 0 0 0 0
0 0 0 0 1 1 0 1 0 0 0 1 0 0 0 0 0 0 0 0
0 1 1 0 0 0 1 0 0 0 0 1 0 0 0 0 0 0 0 0
0 0 1 1 1 0 0 1 0 0 0 0 0 0 0 0 0 0 0 0
16
9
18
13
13
21
29
6
9
19
19
10
13
11
28
5
21
2
13
6

